ATP   
  PRODRG   
 
 35 37  0  0  0  0  0  0  0  0999 V2000 
   -6.4580  -27.7089    0.0000 O   0  0  0  0  0  1  0  0  0  0  0  0 
   -7.5890  -26.8006    0.0000 P   0  0  0  0  0  4  0  0  0  0  0  0 
   -8.4308  -27.9803    0.0000 O   0  0  0  0  0  1  0  0  0  0  0  0 
   -8.7441  -25.9241    0.0000 O   0  0  0  0  0  1  0  0  0  0  0  0 
   -6.6293  -25.7148    0.0000 O   0  0  0  0  0  2  0  0  0  0  0  0 
   -6.9134  -24.2933    0.0000 P   0  0  0  0  0  4  0  0  0  0  0  0 
   -8.3267  -24.6131    0.0000 O   0  0  0  0  0  1  0  0  0  0  0  0 
   -7.2105  -22.8748    0.0000 O   0  0  0  0  0  1  0  0  0  0  0  0 
   -5.4729  -24.1337    0.0000 O   0  0  0  0  0  2  0  0  0  0  0  0 
   -4.7178  -22.8952    0.0000 P   0  0  0  0  0  4  0  0  0  0  0  0 
   -5.8985  -22.0547    0.0000 O   0  0  0  0  0  1  0  0  0  0  0  0 
   -3.8550  -21.7307    0.0000 O   0  0  0  0  0  1  0  0  0  0  0  0 
   -3.5013  -23.6848    0.0000 O   0  0  0  0  0  2  0  0  0  0  0  0 
   -2.1898  -23.0679    0.0000 C   0  0  0  0  0  4  0  0  0  0  0  0 
   -0.8933  -23.7156    0.0000 C   0  0  0  0  0  4  0  0  0  0  0  0 
    0.3435  -22.9595    0.0000 O   0  0  0  0  0  2  0  0  0  0  0  0 
   -0.6805  -25.1499    0.0000 C   0  0  0  0  0  4  0  0  0  0  0  0 
   -1.6748  -26.2047    0.0000 O   0  0  0  0  0  2  0  0  0  0  0  0 
   -1.4486  -27.1780    0.0000 H   0  0  0  0  0  1  0  0  0  0  0  0 
    0.7568  -25.3375    0.0000 C   0  0  0  0  0  4  0  0  0  0  0  0 
    1.4704  -26.5989    0.0000 O   0  0  0  0  0  2  0  0  0  0  0  0 
    2.4606  -26.7331    0.0000 H   0  0  0  0  0  1  0  0  0  0  0  0 
    1.3407  -24.0109    0.0000 C   0  0  0  0  0  4  0  0  0  0  0  0 
    2.7842  -23.8771    0.0000 N   0  0  0  0  0  3  0  0  0  0  0  0 
    3.5640  -22.6556    0.0000 C   0  0  0  0  0  3  0  0  0  0  0  0 
    4.9803  -22.9644    0.0000 N   0  0  0  0  0  2  0  0  0  0  0  0 
    5.0067  -24.4139    0.0000 C   0  0  0  0  0  3  0  0  0  0  0  0 
    3.6860  -25.0124    0.0000 C   0  0  0  0  0  3  0  0  0  0  0  0 
    3.3571  -26.4238    0.0000 N   0  0  0  0  0  2  0  0  0  0  0  0 
    4.5173  -27.2918    0.0000 C   0  0  0  0  0  3  0  0  0  0  0  0 
    5.8420  -26.7033    0.0000 N   0  0  0  0  0  2  0  0  0  0  0  0 
    6.1615  -25.2895    0.0000 C   0  0  0  0  0  3  0  0  0  0  0  0 
    7.5527  -24.8820    0.0000 N   0  0  0  0  0  3  0  0  0  0  0  0 
    8.2707  -25.5769    0.0000 H   0  0  0  0  0  1  0  0  0  0  0  0 
    7.7369  -23.8994    0.0000 H   0  0  0  0  0  1  0  0  0  0  0  0 
  2  1  2  0  0  0  0 
  2  3  1  0  0  0  0 
  2  4  1  0  0  0  0 
  2  5  1  0  0  0  0 
  6  5  1  0  0  0  0 
  6  7  2  0  0  0  0 
  6  8  1  0  0  0  0 
  6  9  1  0  0  0  0 
 10  9  1  0  0  0  0 
 10 11  2  0  0  0  0 
 10 12  1  0  0  0  0 
 10 13  1  0  0  0  0 
 14 13  1  0  0  0  0 
 15 14  1  0  0  0  0 
 15 16  1  0  0  0  0 
 15 17  1  0  0  0  0 
 23 16  1  0  0  0  0 
 17 18  1  0  0  0  0 
 17 20  1  0  0  0  0 
 18 19  1  0  0  0  0 
 20 21  1  0  0  0  0 
 20 23  1  0  0  0  0 
 21 22  1  0  0  0  0 
 23 24  1  0  0  0  0 
 24 25  1  0  0  0  0 
 24 28  1  0  0  0  0 
 25 26  2  0  0  0  0 
 27 26  1  0  0  0  0 
 27 28  2  0  0  0  0 
 27 32  1  0  0  0  0 
 28 29  1  0  0  0  0 
 30 29  2  0  0  0  0 
 30 31  1  0  0  0  0 
 32 31  2  0  0  0  0 
 32 33  1  0  0  0  0 
 33 34  1  0  0  0  0 
 33 35  1  0  0  0  0 
M  CHG  4   3  -1   4  -1   8  -1  12  -1 
M  END 
